0
0, 9, 0,
15, -16, 13,
0, 8, 0

1
0, 16, 0,
4, -52, 13,
0, 1, 0

2
0, 12, 0,
14, -56, 9,
0, 4, 0

3
0, 5, 0,
14, -36, 20,
0, 10, 0

4
0, 15, 0,
9, -80, 8,
0, 3, 0

5
0, 4, 0,
20, -32, 1,
0, 7, 0

6
0, 13, 0,
8, -4, 1,
0, 19, 0

7
0, 14, 0,
4, -16, 10,
0, 3, 0

8
0, 9, 0,
4, -40, 3,
0, 11, 0

9
0, 20, 0,
10, -12, 7,
0, 15, 0

10
0, 8, 0,
3, -28, 19,
0, 2, 0

11
0, 1, 0,
7, -76, 19,
0, 9, 0

12
0, 4, 0,
3, -12, 11,
0, 3, 0

13
0, 10, 0,
3, -44, 15,
0, 11, 0

14
0, 15, 0,
15, -60, 13,
0, 12, 0

15
0, 3, 0,
11, -60, 2,
0, 15, 0

16
0, 7, 0,
15, -8, 9,
0, 2, 0

17
0, 19, 0,
2, -36, 9,
0, 9, 0

18
0, 13, 0,
15, -52, 6,
0, 5, 0

19
0, 6, 0,
13, -24, 9,
0, 15, 0

20
0, 1, 0,
1, -4, 1,
0, 1, 0

21
0, 9, 0,
6, -36, 16,
0, 4, 0

22
0, 16, 0,
9, -64, 16,
0, 13, 0

23
0, 15, 0,
12, -48, 5,
0, 14, 0

24
0, 13, 0,
12, -20, 15,
0, 9, 0

25
0, 6, 0,
5, -60, 4,
0, 20, 0

